raw data file is:./data-1D/gryneus_1_grid_0088.chi
number of data points: 	759
0.0018615860000000001	552444.5060697049
0.0019622123	458594.9135115973
0.0020628385	390811.99511075957
0.0021634649	345986.0148123168
0.0022640912	327178.32765693637
0.0023647174000000003	349626.8248914413
0.0024653437000000003	443602.6011142444
0.0025659699000000003	623013.5670688412
0.0026665961	734992.4941472287
0.0027672226000000004	567317.7388772994
0.0028678488	352551.2918668964
0.002968475	221599.2171909985
0.0030691013	153862.81902756626
0.0031697277000000005	117302.16593274796
0.0032703537	94518.74355143348
0.0033709802	78583.40207502505
0.0034716062	66701.05038516395
0.0035722326	57489.81521532126
0.0036728591	50154.61315387439
0.0037734851	44203.03770208602
0.0038741115	39318.88513782783
0.0039747376	35300.67867146389
0.004075364000000001	32037.384134551507
0.0041759904	29529.656336168173
0.0042766165	28037.613894391492
0.004377242900000001	28446.012039293375
0.004477869000000001	32229.089183408618
0.0045784954	37854.42601055051
0.004679121800000001	34183.79702638357
0.0047797479	25171.933337429895
0.0048803743	19405.28047128675
0.0049810003	16482.71766187139
0.0050816268	15115.323463808445
0.0051822532000000004	14790.047977954166
0.0052828792	14959.06312599775
0.0053835057	13863.560431887649
0.0054841317	11721.34528329873
0.0055847581	10026.446651645452
0.0056853846	8894.145731030245
0.0057860106000000005	8094.974476087959
0.005886637	7465.834024601581
0.005987263100000001	6932.451225145017
0.006087889500000001	6464.008790301789
0.0061885159	6045.738960759552
0.0062891424	5669.455576809208
0.0063897684	5330.353270002802
0.006490394500000001	5025.838723365511
0.0065910205	4755.188539867686
0.006691647300000001	4519.009611949346
0.0067922734	4317.356280934551
0.006892899399999999	4144.523770194643
0.0069935262	3980.0508935723424
0.007094152300000001	3795.5648297141656
0.0071947783	3594.8936943353992
0.007295405100000001	3414.7762452581524
0.0073960312	3279.838670890059
0.0074966571999999995	3168.5141582960077
0.0075972833	3009.226263186088
0.0076979101	2819.351863356231
0.0077985361000000005	2660.5261756693235
0.0078991622	2542.5174870440374
0.007999789	2457.021412097667
0.008100415	2395.5971000203826
0.0082010411	2352.000630744085
0.0083016671	2320.3353238662626
0.008402293900000002	2293.805267312456
0.00850292	2266.14589682261
0.008603546	2233.2218322153253
0.0087041728	2191.5576349259395
0.008804798899999999	2136.7854251767326
0.0089054249	2065.6105673963225
0.009006051700000002	1978.7093408486912
0.0091066778	1880.6375847484426
0.0092073038	1777.1963463090724
0.009307929900000001	1673.2466085446626
0.009408556700000001	1572.1749003948792
0.0095091827	1476.216760177669
0.009609808800000001	1386.7741687873681
0.009710435600000001	1304.5693567215235
0.0098110616	1229.754936314308
0.009911687700000001	1162.0523600321649
0.010012314000000001	1100.9138646561235
0.010112941	1045.6616492641172
0.010213567	995.5911227953019
0.010314193000000001	950.0313161578351
0.010414819	908.3791088423654
0.010515445	870.1098899330473
0.010616072	834.7760878032349
0.010716698	802.0012781808771
0.010817324000000001	771.4686481063821
0.010917950000000001	742.9129938299349
0.011018577000000002	716.111624572129
0.011119203000000001	690.8781493002849
0.011219829	667.0547627509961
0.011320455	644.5081835209787
0.011421082	623.1248492304715
0.011521708	602.808132405747
0.011622334	583.474057804998
0.011722961	565.0495167142775
0.011823587000000002	547.4707788539122
0.011924213000000001	530.680806615645
0.012024839	514.6287439194728
0.012125466000000001	499.26859856633763
0.012226092000000001	484.55907761159585
0.012326718	470.4620669507027
0.012427345	456.94263492868544
0.012527970999999999	443.9690190014901
0.012628597	431.5115010438894
0.012729223000000001	419.5426842218562
0.012829848999999999	408.03713100628846
0.012930477000000003	396.97095495763375
0.013031103	386.32252516090557
0.013131729000000002	376.0710019005495
0.013232355000000001	366.1970969316298
0.013332981	356.68273637404377
0.013433607	347.5109604552399
0.013534233000000001	338.6658340688418
0.013634861000000002	330.13220006561255
0.013735487	321.8962794568894
0.013836113	313.94458926660076
0.013936739000000002	306.2645680942977
0.014037365	298.8443501913438
0.014137991	291.6727170130195
0.014238618000000001	284.7389852865961
0.014339244000000001	278.0332398798608
0.01443987	271.5458835363567
0.014540496	265.2678807950366
0.014641123	259.19059727582487
0.014741749000000002	253.3060104846368
0.014842375	247.60632101951228
0.014943002	242.08411748093587
0.015043628000000002	236.73251010539926
0.015144254	231.54478052857303
0.01524488	226.5145834109103
0.015345506000000002	221.6358724973271
0.015446132000000001	216.9028836827374
0.015546758	212.31011922992357
0.015647386	207.85224575186058
0.015748012000000002	203.52443216755697
0.015848638	199.32180538815868
0.015949264	195.23979525369003
0.01604989	191.274033338995
0.016150516	187.42034239012776
0.016251142	183.67472641343355
0.016351769999999998	180.03329000692932
0.016452396	176.49251703063058
0.016553022	173.048828247407
0.016653648	169.69886506712683
0.016754274	166.43940886262982
0.016854900000000003	163.2673741043379
0.016955528	160.17974134042987
0.017056154	157.17379487274204
0.01715678	154.24674887339492
0.017257406	151.3959890209689
0.017358032000000002	148.6190051586895
0.017458658	145.9133864301022
0.017559284	143.27681667756264
0.017659912	140.70701966176418
0.017760538000000003	138.20195790459766
0.017861164	135.7595223951685
0.017961790000000002	133.37773446543778
0.018062416	131.0546905475167
0.018163042	128.7885588434708
0.018263668	126.57757616499707
0.018364295	124.42002375211996
0.018464921000000002	122.31430965445169
0.018565546999999998	120.25883740152341
0.018666174	118.25207000010714
0.0187668	116.29258506759993
0.018867426000000003	114.3789528704847
0.018968052	112.50981434706121
0.019068679	110.68384088145702
0.019169305	108.89980444921169
0.019269931000000004	107.1564668483603
0.019370557	105.45265087566149
0.019471183000000003	103.78722023178592
0.019571809000000003	102.15907786576
0.019672437	100.56713310900854
0.019773063	99.0104260067727
0.019873689	97.48793606988121
0.019974315000000003	95.99870815912814
0.020074941	94.54181917814827
0.020175567000000002	93.11637682184742
0.020276193	91.72151838063611
0.020376821000000003	90.35638275559373
0.020477447	89.02021730172399
0.020578073000000002	87.71221401349833
0.020678699000000002	86.4316176272897
0.020779325	85.17769724030678
0.020879951	83.94974539593117
0.020980577	82.74707720821297
0.021081205000000002	81.56900634964863
0.021181831	80.41493741473361
0.021282457	79.28422468390364
0.021383083	78.17626551847027
0.021483709000000004	77.09047599767337
0.021584335	76.02629024186804
0.021684961000000003	74.98315976359751
0.021785589	73.96053272087987
0.021886215	72.957934210434
0.021986841	71.97484376089015
0.022087467	71.0107764785021
0.022188093000000002	70.06526199244306
0.022288719000000002	69.13784394829348
0.022389346	68.22807056689032
0.022489972	67.33553016528451
0.022590598000000003	66.45979646807515
0.022691225000000002	65.60045605106487
0.022791851000000002	64.75713279464584
0.022892477	63.92943625212431
0.022993103	63.1169955845012
0.023093730000000003	62.319442718466654
0.023194356	61.536443546933214
0.023294982000000002	60.76765003845068
0.023395608000000002	60.012731756536496
0.023496234	59.27136754484687
0.02359686	58.543245223429054
0.023697487000000003	57.828054252256024
0.023798114000000002	57.12550683019389
0.02389874	56.435322784871815
0.023999366	55.757215980048244
0.024099992	55.090914941885835
0.024200618	54.43615557243018
0.024301244	53.79268091592083
0.024401870000000003	53.16024093353662
0.024502498	52.538580036271895
0.024603124000000004	51.92748608285638
0.02470375	51.326716051127455
0.024804376000000003	50.736045474655526
0.024905002000000002	50.15525579276702
0.02500563	49.58412291256621
0.025106254	49.02247331734478
0.025206882000000003	48.470060442365074
0.025307506000000004	47.92673152162162
0.025408134	47.392251725046
0.025508761000000005	46.866461281345
0.025609386	46.34918306945783
0.025710014	45.84021416856238
0.025810638000000004	45.339417008087466
0.025911266000000002	44.84658326270276
0.02601189	44.36158783440487
0.026112518	43.88423197586515
0.026213145	43.41438353946986
0.02631377	42.95189451884183
0.026414397000000003	42.49659793910658
0.026515022	42.04836695662431
0.026615649000000005	41.60704234754683
0.026716274	41.172503691406725
0.026816902	40.744594868795915
0.026917529000000003	40.323201705442386
0.027018154000000003	39.90819987551059
0.027118780999999998	39.49944772401652
0.027219406	39.09683932505179
0.027320033	38.700239394599635
0.027420658	38.30954723846123
0.027521285000000003	37.924633603022755
0.027621912999999998	37.54539151015987
0.027722538000000005	37.171727399089725
0.027823165	36.80351667180242
0.02792379	36.44067047198204
0.028024417000000003	36.08307326560802
0.028125042000000003	35.73064048078737
0.028225669	35.38326157717896
0.028326297	35.040845898247234
0.028426921	34.703318045850395
0.028527549000000003	34.370561074106234
0.028628173000000003	34.042513358730254
0.028728800999999998	33.71906270956379
0.028829429000000004	33.40013807049037
0.028930053	33.085669537869954
0.029030681000000003	32.77555161923765
0.029131305000000003	32.469730258466
0.029231933	32.168104156832854
0.029332557	31.87062199869908
0.029433185	31.57718647630014
0.029533812	31.287740294826413
0.029634437000000003	31.00221565775079
0.029735065	30.720529458808777
0.029835689	30.44263374386321
0.029936317000000004	30.16844036829511
0.030036941	29.897906491330936
0.030137569	29.630947334548505
0.030238196000000002	29.36751439157875
0.030338821000000002	29.107549498740514
0.030439448000000004	28.85098297013747
0.030540073	28.597766895900435
0.0306407	28.3478343114523
0.030741325000000003	28.10113943608604
0.030841953000000002	27.857615494526115
0.030942579999999997	27.61721882123847
0.031043205000000004	27.37989932449152
0.031143832	27.145596299794605
0.031244457	26.91426883695849
0.031345084	26.68585853551141
0.031445709	26.460326267422584
0.031546336	26.237615831015933
0.031646964	26.01768327753461
0.031747589	25.8004919068774
0.031848216000000006	25.58598643099547
0.031948841	25.37413180668278
0.032049468	25.16487690452167
0.032150093000000005	24.958188178947744
0.032250720000000004	24.754016372636364
0.032351348	24.552323389615683
0.032451972	24.353079691265457
0.0325526	24.156230753815986
0.032653224	23.961754296183848
0.032753852	23.76959765727875
0.032854477	23.57973775723854
0.032955104000000006	23.392129345760246
0.033055732	23.206739289660486
0.033156356	23.02354227403384
0.033256984	22.84248995939789
0.033357608000000004	22.663563606218286
0.033458236	22.4867164793456
0.033558863	22.311925560787873
0.033659488	22.139161196071164
0.033760116	21.968384114761996
0.03386074	21.799576024391996
0.033961368	21.632693919290787
0.034061992000000006	21.467722030547648
0.03416262	21.304618739714197
0.034263247000000004	21.143364255878623
0.034363872000000004	20.9839326329826
0.034464499	20.826290568140415
0.034565124	20.670417853614833
0.034665751	20.516282298286896
0.034766376	20.363864504549607
0.034867004	20.213131858314686
0.034967631	20.064065785450076
0.035068256	19.91664351791535
0.035168883000000005	19.770835451195268
0.035269508	19.626624059676423
0.035370135000000004	19.483980701714874
0.035470760000000004	19.342888543638967
0.035571387	19.2033198685103
0.035672015	19.065254410582607
0.03577264	18.92867627291757
0.035873267	18.79355767842662
0.035973892	18.65988339471782
0.036074519	18.527627860968188
0.036175144	18.39677643754947
0.036275771000000005	18.267304368026615
0.036376399	18.139193780997328
0.036477023	18.012432091097644
0.036577651	17.8869906516358
0.036678275	17.76286118328361
0.036778903	17.640015873611098
0.036879528	17.518445647442036
0.036980155	17.398127101824798
0.037080783	17.279044436055358
0.037181407	17.161186745707244
0.037282035000000005	17.044528173612477
0.037382659000000006	16.929061782316115
0.037483287	16.814762447912102
0.037583911	16.701623577846803
0.037684539	16.58962075533828
0.037785167	16.47874333187864
0.037885791	16.368980728524775
0.037986419	16.26030954257479
0.038087043	16.152723977085962
0.038187671000000006	16.04620127584106
0.038288295	15.940735935372711
0.038388923000000005	15.83630582344106
0.038489550000000004	15.732902649297854
0.038590175000000004	15.63051408592247
0.038690802	15.52912296714058
0.038791427	15.42872043645361
0.038892055	15.329288837095563
0.038992682	15.230819669087966
0.039093307	15.133301584263
0.03919393400000001	15.036718615802739
0.03929455900000001	14.941062702946269
0.039395186	14.846318329367936
0.039495811	14.752477730692318
0.039596438000000005	14.659525825398173
0.039697066	14.567452401833338
0.039797691	14.47625009205025
0.039898318	14.38590351937576
0.039998943	14.296405610340495
0.04009957	14.207742305930141
0.040200195	14.119906790307093
0.040300822	14.032885389201821
0.040401450000000005	13.946668975960018
0.040502074	13.8612519233359
0.040602702000000004	13.776617714284086
0.040703326000000005	13.692763498552129
0.040803954	13.609673174352197
0.040904579	13.527343240038658
0.041005206	13.445760439150355
0.04110583400000001	13.364916598096348
0.041206458	13.284806817679954
0.041307086	13.205415977255836
0.04140771	13.126741766843818
0.041508338000000006	13.048769436737349
0.041608962	12.971496816478897
0.041709590000000005	12.894909515696307
0.041810217000000004	12.819003244454398
0.041910842000000004	12.743770719361047
0.04201147	12.66920032117203
0.042112094	12.595289451324302
0.04221272200000001	12.522024569813608
0.042313346	12.449403948512781
0.042413974	12.37741436942866
0.042514601000000006	12.30605210045502
0.042615226000000006	12.235310590596146
0.042715853	12.165179898802734
0.042816478000000005	12.095655785601064
0.042917106000000003	12.02672787770441
0.043017730000000004	11.958394131876254
0.043118358	11.89064238232842
0.043218985	11.823469383548316
0.04331961	11.756869232635125
0.043420237	11.690832829177108
0.043520862	11.62535643561172
0.043621489000000006	11.560431175149239
0.043722114000000006	11.496053442040099
0.043822742	11.432213944499638
0.043923369000000004	11.36890921964999
0.044023994000000004	11.306133939311854
0.044124621	11.243879756238321
0.044225246	11.182143373729165
0.044325873	11.120916645181747
0.04442650100000001	11.060194586986546
0.044527125	10.99997465559285
0.044627753	10.940246600172179
0.04472837700000001	10.881009780350777
0.044829005000000005	10.82225417032173
0.04492963	10.763978620117669
0.045030257000000004	10.706175052916262
0.045130885	10.648838959563506
0.045231509	10.591968131876053
0.045332137	10.535553079221339
0.045432761	10.479593383854692
0.04553338900000001	10.424079758811489
0.045634013	10.36901184383336
0.045734641	10.31438054997865
0.045835268000000005	10.260183962621094
0.045935893000000005	10.206418013407957
0.046036521000000004	10.1530755096002
0.046137145000000004	10.100155687441651
0.046237773	10.047649929571335
0.046338397	9.9955580578193
0.046439025	9.943871634526358
0.046539652	9.892589005573425
0.04664027700000001	9.841706476919889
0.046740904	9.791217894125788
0.046841529	9.741121185578102
0.046942157000000005	9.691409841360512
0.047042781000000006	9.642083339027893
0.047143409	9.593133832687084
0.047244036	9.544559897175754
0.047344661	9.496358173427836
0.047445288	9.44852296872276
0.047545913	9.401052455729594
0.04764654	9.353941065500829
0.04774716500000001	9.307187035215897
0.047847793	9.260784456908503
0.047948420000000005	9.214731640438623
0.048049045000000006	9.169025527037466
0.048149672000000004	9.123660842543591
0.048250297	9.078635976002253
0.048350924	9.033945765590712
0.048451549000000003	8.98958865754061
0.048552176	8.945559599335988
0.048652804	8.901855794362278
0.048753428	8.858476190802657
0.04885405600000001	8.815414170163512
0.048954681	8.77266960192121
0.049055308	8.730237264679104
0.049155936000000004	8.688114538919342
0.049256560000000005	8.646300485810414
0.049357188	8.604788799410885
0.049457812000000004	8.563579834526744
0.04955844	8.522667404809106
0.049659064	8.482051887878058
0.049759692	8.441727214015868
0.049860319	8.401692593303874
0.04996094400000001	8.361945637578403
0.050061572	8.322481635975668
0.050162196000000006	8.283300622066108
0.050262821000000006	8.2443979610331
0.050363451000000004	8.20576948744853
0.050464076000000004	8.167416427374434
0.0505647	8.129334650020848
0.05066533100000001	8.091518600295034
0.050765955	8.053971017658752
0.050866579999999995	8.016686401091652
0.05096720500000001	7.979662662092912
0.051067835	7.9428955458982475
0.051168460000000006	7.906386300072245
0.051269084	7.870131072267905
0.05136971500000001	7.834124651845911
0.051470339000000004	7.798369724487455
0.051570964	7.762861128437935
0.051671588000000004	7.727597299079677
0.051772219	7.692573210021643
0.051872844	7.657791170597224
0.051973468	7.6232472340171045
0.052074099	7.5889365064691905
0.052174723000000006	7.554861617419494
0.052275348	7.521017717313934
0.05237597200000001	7.4874033832728895
0.052476603000000004	7.454013891162491
0.052577227000000004	7.420851837508755
0.052677852000000004	7.3879125400175205
0.05277848200000001	7.355192706156946
0.05287910700000001	7.322693606821462
0.052979732	7.290411652363136
0.053080355999999995	7.258345223778162
0.053180987000000006	7.2264898756155445
0.053281611	7.194848145737078
0.053382236000000007	7.163415626653525
0.053482866	7.132189235206996
0.05358349100000001	7.101170242568732
0.053684115000000004	7.070355585568769
0.05378474	7.039742859911466
0.05388537	7.009329094397086
0.053985995	6.979115558413128
0.05408662	6.949099002051818
0.05418725	6.919276233412226
0.054287875	6.889648519718079
0.05438849900000001	6.860212987966788
0.054489124	6.830967393297901
0.054589754000000004	6.801908948106255
0.054690379000000004	6.773038915725223
0.054791003000000005	6.7443545249940025
0.054891634	6.715851922213772
0.054992259	6.6875332195548
0.05509288300000001	6.659395435040282
0.055193508	6.631436470160504
0.05529413800000001	6.60365370648657
0.05539476300000001	6.57604839808397
0.055495387	6.548617941040982
0.055596018000000004	6.521358694924582
0.055696642	6.494272992530583
0.055797267	6.467357220890654
0.055897892000000005	6.440610221006923
0.055998521999999995	6.4140292622256725
0.05609914700000001	6.387615586660433
0.056199771	6.3613667447952125
0.056300402000000006	6.335279294047929
0.056401026	6.309355507676401
0.056501651	6.283591968156872
0.05660227500000001	6.257987859479925
0.056702906	6.232539845725512
0.056803530000000005	6.207250166382267
0.056904155000000005	6.182115509321728
0.057004786	6.157133367412908
0.05710541	6.132305704411279
0.057206035	6.107629284410709
0.05730666500000001	6.083101904323603
0.05740729	6.05872477845539
0.05750791400000001	6.0344957138467
0.05760853900000001	6.0104130306007955
0.057709169000000005	5.986474598197302
0.057809794000000005	5.962681621214982
0.057910419000000005	5.939031744226061
0.05801104900000001	5.915522651936983
0.058111674	5.892155541336152
0.058212297999999996	5.868928343207851
0.05831292300000001	5.845839479428584
0.058413553	5.822886939147247
0.058514178	5.800071908880629
0.058614802	5.7773923860545855
0.058715433	5.7548455068512805
0.058816057000000005	5.732433345931379
0.058916682	5.71015305793388
0.059017307	5.68800382503471
0.059117937	5.665983525357215
0.059218562	5.644093326262328
0.059319186	5.622331335211345
0.059419817	5.600694832446433
0.05952044100000001	5.579185836889801
0.059621066	5.557801645705979
0.05972169000000001	5.536541711986352
0.059822321000000005	5.515403393961611
0.059922945000000005	5.494388679221187
0.060023570000000005	5.473494942106698
0.060124201	5.4527202221079385
0.06022482500000001	5.432066275331163
0.06032545	5.411530532076816
0.060426073999999996	5.391112492383094
0.06052670500000001	5.370809643910425
0.060627329	5.3506239203657735
0.060727954	5.3305528242046565
0.060828584	5.3105946938281114
0.060929209	5.290750646892619
0.061029834000000005	5.271018831504646
0.061130458	5.25139859281057
0.06123108900000001	5.231887539543531
0.061331713	5.212487552779872
0.061432338	5.193196254852737
0.061532968	5.174012070860836
0.061633593	5.154936097143222
0.06173421700000001	5.135966763360689
0.061834842	5.117102897540441
0.061935472000000005	5.098342971668762
0.062036097000000005	5.0796880697700875
0.062136722000000005	5.061136484184546
0.062237352	5.0426865349614705
0.062337977	5.024339296843578
0.06243860100000001	5.006093279741311
0.062539226	4.987947376285717
0.06263985600000001	4.969900136197793
0.062740481	4.951952621800747
0.062841105	4.934103386453418
0.06294173600000001	4.916350302049305
0.063042361	4.898694952275777
0.063142985	4.881135745090659
0.06324360999999999	4.863671633245803
0.06334424	4.846301239079603
0.063444865	4.8290256031137035
0.063545489	4.811843350817041
0.06364612	4.794752451148313
0.06374674400000001	4.777754614636446
0.063847369	4.760847820501375
0.063947994	4.744031582911034
0.064048624	4.727304423639732
0.064149249	4.710667361399583
0.064249873	4.694119089112838
0.064350504	4.677657666942217
0.06445112800000001	4.661284758606681
0.064551753	4.644998433739381
0.06465237700000001	4.628798400738554
0.064753008	4.612682769420515
0.06485363200000001	4.5966531773494586
0.064954257	4.580707743391351
0.065054888	4.564845090131696
0.06515551200000001	4.549066676918484
0.065256137	4.5333706584394085
0.065356761	4.517756768373991
0.065457392	4.502223199394732
0.065558016	4.486771544326466
0.065658641	4.4714000042049085
0.065759271	4.456107416766294
0.065859896	4.440894748179074
0.06596052100000001	4.425760687939427
0.066061145	4.410704841357898
0.066161776	4.395725479143845
0.0662624	4.380824150682507
0.066363025	4.3659991344183355
0.066463655	4.3512493224406406
0.06656428	4.336575659605276
0.06666490400000001	4.321977039467315
0.066765529	4.307452659893468
0.06686615900000001	4.293001442528561
0.066966784	4.278624320162682
0.06706740900000001	4.264320073953145
0.067168039	4.2500875037881505
0.067268664	4.2359275334676845
0.06736928800000001	4.221839107314822
0.067469919	4.207820629333124
0.06757054300000001	4.1938735716156765
0.067671168	4.179996344870979
0.067771792	4.166188754783315
0.067872423	4.152449243571237
0.067973047	4.138779260411817
0.068073672	4.125177253943444
0.068174303	4.111642100778263
0.068274927	4.098175097655583
0.06837555199999999	4.084774720863809
0.068476176	4.0714407934603765
0.068576807	4.058171821622154
0.068677431	4.044969215380677
0.068778056	4.031831486866027
0.06887868600000001	4.018757690832137
0.068979311	4.005748701217823
0.069079936	3.9928034450912233
0.06918056	3.9799216318947703
0.069281191	3.9671018282674417
0.069381815	3.9543454062902557
0.06948244	3.9416509381266605
0.06958307000000001	3.929017519947042
0.069683695	3.916446005748208
0.069784319	3.9039354921643485
0.069884944	3.8914853356298735
0.069985574	3.8790946549036733
0.070086199	3.86676429275289
0.07018682400000001	3.854493246649727
0.07028745400000001	3.8422805289707074
0.070388079	3.8301269741418347
0.070488703	3.8180317176738923
0.07058932799999999	3.805994146059867
0.070689958	3.7940134158158862
0.070790583	3.7820903503565235
0.070891207	3.7702241064133712
0.070991838	3.7584133843148266
0.071092463	3.7466593522384657
0.071193087	3.7349610647331444
0.071293712	3.72331793655697
0.071394342	3.7117291598612434
0.071494967	3.700195539098249
0.071595591	3.6887162664991857
0.071696222	3.677290092546449
0.07179684600000001	3.6659182678727453
0.071897471	3.6545995472583597
0.071998096	3.643333710305201
0.072098726	3.6321198700748627
0.07219935100000001	3.6209588124556653
0.072299975	3.6098497632169195
0.072400606	3.5987915204110457
0.07250123000000001	3.5877853016540766
0.072601855	3.576829908998616
0.072702479	3.5659252443520804
0.07280311	3.5550701318534657
0.072903734	3.544265770716801
0.073004359	3.533510988921573
0.07310499000000001	3.5228049510496153
0.073205614	3.5121487356044647
0.073306239	3.501541189514766
0.073406863	3.490982224471837
0.07350749399999999	3.4804707084522404
0.073608118	3.470007809258575
0.07370874300000001	3.459592398445346
0.073809373	3.449223776132299
0.073909998	3.43890268481014
0.074010623	3.4286283224466474
0.074111247	3.418400506956104
0.074211878	3.408218147967696
0.074312502	3.3980823828544318
0.07441312700000001	3.3879921245808267
0.074513757	3.3779467010992446
0.074614382	3.367946837729446
0.074715006	3.3579918620674607
0.07481563100000001	3.348081307426186
0.074916261	3.3382145170009174
0.075016886	3.3283922064821687
0.07511751100000001	3.3186136217062434
0.07521814100000002	3.3088780191676355
0.07531876600000001	3.299186107421764
0.07541939	3.2895372403688743
0.075520015	3.279930971177838
0.075620645	3.27036666862581
0.07572127000000001	3.26084503187024
0.075821894	3.2513654292273255
0.075922525	3.241926863194292
0.07602314900000001	3.2325304011448335
0.076123774	3.2231750483953028
0.076224399	3.213860656413215
0.076325029	3.2045865250653462
0.07642565400000001	3.195353337378185
0.076526278	3.186160485878323
0.076626909	3.1770070081904276
0.07672753300000001	3.167893944396124
0.07682815800000001	3.158820334753114
0.076928782	3.14978612964397
0.077029413	3.1407903860157473
0.07713003800000001	3.1318340399234974
0.077230662	3.1229164172916017
0.07733129300000001	3.1140365892150994
0.077431917	3.105195569334046
0.07753254200000001	3.096392431203998
0.077633172	3.0876266097228164
0.07773379700000001	3.0788987590112287
0.077834421	3.070208313364754
0.07793504600000001	3.061554886200976
0.078035676	3.0529379245153163
